17247
5130
35434
37432
31987
15352
33268
39392
46362
41900
35256
49615
21440
34460
24502
41651
15353
33542
16004
23610
27934
13979
32290
28548
42039
22112
36195
41855
14190
37674
4868
2189
14479
1187
1708
34173
9945
5665
48246
40131
2248
30535
5432
11689
30539
27724
38783
31635
12922
25431
46585
927
17395
40271
32761
36610
41456
42148
29544
4470
38098
29099
9813
26499
23602
32365
32483
25843
22276
49941
18704
33249
29286
15240
31286
29880
16734
28009
7225
33386
45419
5472
39904
39670
25808
49559
43740
47355
39927
30971
10326
21087
36155
31674
15225
34781
48516
16423
18854
5028
34459
30811
4271
37160
9881
20188
28525
27986
12883
19634
37729
2014
17838
28273
16912
46434
11475
35725
37178
40516
10617
40317
14509
16380
16213
47458
48317
48105
37049
45085
28444
23629
15677
14754
24365
39486
23352
7647
16048
8199
32573
29336
14335
42908
10675
12818
39379
43660
5371
24079
49176
1249
38718
20969
24333
13368
16002
17107
9596
33214
46631
40648
38536
12345
13712
9619
20924
23805
18383
938
9384
38580
37493
29
47689
41266
32188
2010
35594
28917
31105
44930
24549
29772
21564
3582
9430
10650
40761
8934
20759
2490
19438
32990
8898
42057
5843
23449
32326
18951
17222
12429
3938
8853
38185
29783
34189
29860
5346
4079
4941
18808
9221
10578
24514
24356
35042
46480
30114
13716
2473
3076
33451
598
26412
38235
628
11691
1493
12659
43951
33922
23854
32602
18737
2330
9314
49349
32934
7865
33617
30415
8207
45088
48100
2950
10243
8774
33638
35411
45737
42179
34109
27315
38419
7311
13850
49128
13707
24252
44167
9895
25615
7847
695
3063
36574
29412
2932
26421
25514
49735
37233
24690
46922
11263
33694
5699
34787
4821
18803
32109
8096
45509
32884
33162
35873
21732
47473
44582
41636
46277
2107
34018
39650
23481
9874
22875
33670
24567
46987
17101
20124
36279
45364
40556
12409
20980
29593
1012
34724
15087
46367
23462
40548
650
22286
44967
8759
32194
30913
26178
29400
11474
3979
22690
42010
49507
8296
7347
30743
3113
48891
34547
43564
8663
48851
40680
17763
49837
28380
37909
19273
15500
13747
3585
47336
33229
25920
1811
1424
35750
47991
5956
31961
33471
46394
31880
39819
36068
4490
31086
13800
35286
31391
33864
18745
7002
43664
46964
15735
33926
25097
33347
33416
1664
21144
43077
48013
33596
4798
37504
21903
44568
14128
9401
47105
48618
18106
28742
5874
22458
7991
11060
22796
4967
22628
45010
4854
21930
32870
33076
20790
3277
35991
24735
27170
19928
47220
40635
31947
26018
20910
34750
42231
18203
40525
1601
22924
46108
32627
34381
47317
9611
35147
9124
77
28140
33489
39589
42984
9566
30636
7299
28113
23377
45123
7612
43288
33728
15923
2401
21924
16397
9666
6393
44303
27646
45956
35263
37066
4524
15396
6013
752
25288
10159
26913
44770
14482
44866
33647
28456
39396
23738
16235
11325
7490
36004
38499
14468
43754
47693
32033
31600
39012
37439
6142
32309
45349
18368
20169
27071
33950
49344
30158
24943
31119
15086
21000
40830
24507
5994
20722
22408
27267
8097
9096
17677
14275
18719
19242
16925
24462
38031
49932
28617
46514
41653
37592
25961
13647
16953
45600
7683
36238
11702
37235
841
38464
45157
49993
36848
23832
31969
43205
38919
49426
42916
31352
20307
8965
44217
37929
23703
45283
30198
41217
23895
1731
27019
8667
31604
26636
833
9965
30613
16286
14417
13217
25608
31323
49348
21027
33640
21615
8548
31138
27404
7622
6899
14300
33838
43728
17626
22516
28292
25685
18471
45672
42239
24269
42060
23156
19399
46520
27132
26344
47226
25614
33598
44281
30047
36703
20895
39277
29710
17995
3779
1103
18754
44889
44272
18316
36208
41153
3886
14238
41147
31322
14851
22090
39039
30945
41262
48901
20155
46748
9189
7077
37938
17609
6895
41844
49040
28780
36935
28248
30083
29963
22503
10359
34081
6670
46328
25799
38157
15797
9407
33650
27625
47824
47290
33742
4458
40759
34871
27101
14964
39974
160
2582
37253
17722
4385
37269
30768
10642
31720
42347
5635
40822
45444
46206
32319
8225
33241
23933
3142
49759
43655
10248
15906
28963
8690
42065
36005
28876
5102
1153
45466
23837
48141
49999
2280
46828
2390
39118
20761
38872
16268
49151
41576
45291
45399
24767
2320
14507
16673
35783
40013
2587
23752
29959
23232
29777
49447
46859
10824
2756
21877
42658
23263
11804
42673
41472
4492
24294
10846
42287
27073
43394
9595
22867
49345
31657
19678
30088
23514
2455
43453
10190
34263
20857
26304
5459
32886
19265
41017
17548
29967
33625
24381
8130
26526
2037
37145
40407
1907
19668
36844
32121
22316
5947
27306
7862
12875
20811
4858
9849
2005
20897
32681
20680
12283
35705
2029
2765
20781
2588
25582
39455
11920
41138
8095
39965
45308
21178
39987
41520
7796
4013
8938
22762
22292
10325
35081
19626
34810
26986
39132
18902
19769
10054
36129
49232
5021
12927
38482
31534
28805
8801
23311
33545
38231
24665
22658
24999
8181
36679
18354
21720
23969
21423
8570
47989
46330
32438
29699
34287
7821
35012
29571
18311
22596
22754
28098
37412
35076
45
47703
44474
37320
10314
26298
23015
45001
24220
5759
4334
15583
24680
14376
12336
14874
14498
8486
8127
21094
44686
35531
5515
38261
35827
41289
26474
48962
10420
47280
17694
10271
33624
2101
49121
7300
16986
9583
36991
37727
11308
45296
29675
8848
39996
4949
16272
22395
46889
44620
29252
5202
18594
21547
43825
140
13332
46920
22269
49221
31786
16197
8480
18276
1502
14240
40207
38037
30463
26310
9335
10049
206
29894
30049
42410
28535
48746
48322
48899
34202
27143
46598
49748
1631
2283
26881
35779
24151
14167
29522
16211
48845
4084
14721
29911
7342
23685
40431
14795
40505
29318
21149
46194
41248
699
14501
47670
20783
28268
37618
37043
6871
29409
25438
4261
37755
36258
12856
28643
24375
41857
39818
32580
13118
9251
9717
29822
9070
9646
20494
9539
25974
15394
22710
48917
1570
25697
47264
43668
29791
49150
10249
1020
43480
49652
31890
39240
49820
15423
6411
38270
44960
49230
35694
25150
39402
5197
48806
39484
2249
40034
26331
38223
23248
13940
13122
48640
30314
42758
2328
24863
32258
34940
2851
15061
21153
37012
17673
37590
15306
18733
7877
44113
21131
48531
3626
38349
3847
47224
46943
9455
3961
24097
8530
48137
648
5087
9038
19241
38664
11443
4370
13752
1542
39983
43692
9424
5992
2902
4902
7653
11825
47668
20645
30602
12748
22074
14029
33310
12448
17362
21750
36122
1705
15303
8862
7209
35771
24170
3663
26773
2561
13759
35348
27948
8395
7644
16406
35075
19207
18496
34654
25086
49784
47742
10750
36170
12506
15034
31041
35168
13856
20621
37840
7340
36410
26175
15926
44523
27587
47171
33616
19039
18790
10671
5817
20660
39436
35350
28648
7542
885
15899
3301
2346
49357
25041
19225
18242
14399
49956
44238
8726
35887
2193
16319
40176
34555
37008
30453
27825
25528
48014
8888
6549
32792
36330
11961
24409
30315
32858
39145
31002
40534
33051
5574
26864
21139
37947
14811
3693
32687
47846
17980
10018
19950
48594
19057
9191
9659
30470
22045
33851
13418
2789
24926
22510
9199
11921
18376
37941
28403
49268
41972
20839
26982
21018
32480
15837
40960
14421
35216
27816
39237
43513
18088
14199
32289
27845
45320
27549
25130
29611
40727
39928
16867
4038
49449
34729
39834
26807
11884
48994
7844
18948
7151
7840
34413
41342
43569
31621
42094
18163
24533
37255
24019
21321
2948
20266
2163
6097
28399
20673
47449
47903
1932
7397
17329
31420
6583
24403
48651
39809
3253
14793
36583
43179
3193
43589
21885
43312
15975
31318
46405
43041
48504
30974
31191
1838
46541
35460
19888
19044
36339
19157
49693
31501
11985
6063
540
23632
27884
11342
31691
2224
5026
21906
5862
17239
33649
45849
33277
13682
33544
18477
25495
9272
47594
26758
37684
12074
16050
7522
34930
34974
47718
17651
15134
31272
14829
39096
18164
35880
37713
18650
41459
3235
40908
35310
36465
30007
18564
46244
9716
18652
25089
39935
18464
33286
21363
33602
10289
49686
25646
30117
34256
38907
38623
48694
10616
4700
17669
42815
21426
32467
18510
30239
44427
3484
40444
16402
47
42861
49008
35718
11194
29198
13438
6177
17598
14835
48392
17786
28307
43507
15124
6616
7761
24742
33481
26588
41834
28734
13397
5204
724
9348
26992
13448
14157
17883
28107
30988
9240
1443
27800
26695
9757
28878
17582
24461
13275
21365
864
44038
16616
42329
810
21841
46410
15696
43421
6801
7633
4491
27696
46652
34885
37464
7850
31007
9660
36268
16569
25921
15828
6412
9150
24136
2079
9992
43177
5248
28594
34651
16249
7739
44730
16807
41667
12790
27484
5005
28849
24437
23650
20538
3164
42200
12387
44542
18503
17320
45940
47750
38398
5540
40225
22803
2093
32513
49538
14860
8100
30894
13447
18372
7165
1752
46584
33445
43702
3281
26234
39478
30726
40011
34393
49419
17092
47452
44480
27325
41308
36468
48835
31343
13848
2938
16208
33081
48288
6081
34268
32045
6963
44193
40786
42605
44584
33842
90
29812
48092
42480
5913
33377
49020
1532
42889
6927
35673
48370
21332
35451
2875
23159
26019
21922
37198
32321
27865
33474
6133
10057
19158
48676
283
44203
42928
48366
38806
20797
26768
44776
8166
13677
40221
12721
11959
23919
4853
15852
474
31058
34907
48692
1768
28112
46771
44973
49233
8162
45691
34197
49142
42547
8598
19827
33894
45351
40370
3003
37554
8153
40066
22850
17365
48742
28237
49692
23922
32939
13661
30866
44267
7228
13053
36946
12155
31337
33635
23218
37906
38626
33917
13329
11320
31414
14702
44390
25663
17449
14919
46886
19099
2348
22748
33879
36917
49832
16339
31346
4102
10883
13630
5744
19249
5492
32320
33955
22826
33841
29021
34886
34658
13686
18499
18446
9357
28608
43487
9334
46697
44852
23942
48957
34858
21835
31094
16904
49386
43877
5877
40446
6883
1655
36036
38673
6186
3201
11119
48834
10784
23261
34029
15834
35794
11680
46160
16190
287
32846
19838
11011
8302
5859
41016
45066
33642
18858
7909
28308
25219
39777
6402
4475
4361
6030
22406
46555
46295
43971
41057
5610
34714
27920
20784
19771
6263
45402
43339
33101
41694
20528
22216
37223
5966
23862
19580
37967
26482
40756
30753
20920
44693
9489
11359
15411
36222
25218
42187
23935
30587
27413
33801
41594
3057
11632
20390
31910
25716
29810
6511
37297
2648
28811
21948
2083
27317
31499
24611
39140
46347
11718
8133
11568
13201
46226
16449
15083
49500
17401
42141
14070
36543
37105
30975
26253
3646
25772
6169
43402
11449
39129
35307
6596
3575
46950
39979
17821
1120
7812
23807
39789
11929
45479
19060
5586
26160
32350
6466
7835
49280
12904
17074
20335
24177
11874
37429
41012
38127
46402
3565
49146
1856
30737
11192
19422
14125
1048
7343
10439
21193
27254
42504
3177
48928
1573
43812
38620
27212
11047
197
25934
8286
10565
5493
5915
18755
2162
25771
9291
9345
15471
34407
22865
3749
11344
15444
10929
39151
27556
48040
6619
22413
30424
38894
27831
28028
31013
20208
35287
28704
47131
11419
12798
23376
11596
42825
1555
14234
23475
26939
37965
45857
18408
20050
5430
30058
550
23824
5678
26539
47539
5218
19113
13733
1966
41937
21818
5980
6602
14590
23197
12647
45816
41486
23884
25812
46002
11858
40506
36414
28631
48946
41815
6618
25664
32160
27270
16758
12783
45330
46841
41446
42845
10209
30490
34801
27235
37038
91
34649
10126
21250
46659
31479
19738
14568
5848
43105
21744
20892
28712
15562
7389
10488
6557
23145
18865
4025
28787
36474
25253
39898
24305
35368
27938
48517
34579
44513
59
3863
44399
13463
16646
39375
19839
40668
10534
28597
48112
7478
21347
19853
8104
18482
25055
4697
5800
4083
43472
5080
49600
8164
40058
28556
29255
43744
41372
18119
5553
5329
41511
47970
35754
47997
37514
15844
19830
18769
2132
41269
42508
43295
46568
43981
24411
26357
38992
31913
37912
17835
9737
41521
6405
49089
49466
25492
26609
809
1124
13584
29692
49140
43685
39552
8986
33972
28157
8974
46529
47518
49325
32794
5110
40532
8467
7539
13001
37668
20534
49900
46230
20252
47654
33980
28942
18442
28953
18479
3178
20418
11976
49576
845
36211
18486
28488
4435
24147
5242
37939
5545
12382
20032
6319
19080
8714
16872
47721
46757
44898
39850
19727
4484
20210
32021
8029
46215
40246
9228
34978
20601
40954
39095
4437
46657
29979
8761
23772
26904
24384
16502
24598
35100
7771
31136
14986
28903
34950
27479
30131
1640
26975
18300
30528
4382
16155
18272
13691
29128
45111
11562
6432
36755
27446
9777
26380
1881
13363
27173
25675
22173
36982
7559
47239
14377
34840
33369
10485
19161
25931
32533
6894
14051
16433
22677
43296
30242
46789
14996
1762
24942
11820
4497
11582
15723
20778
38281
18437
36294
25114
4055
38909
29070
39488
18136
14773
27391
14082
21978
2858
25003
21733
40550
8403
46753
16195
46164
25643
36552
46526
27725
40195
32201
6311
4998
21048
25879
20904
38283
43044
41582
13746
18821
19813
26997
44703
20096
42575
15744
14164
7100
3030
6611
22050
2922
38805
6505
36965
14256
10519
33296
42977
25371
7822
46319
14111
8066
47626
9650
9963
17613
9019
3533
158
2792
22740
27167
45645
22247
4857
35175
41216
4864
40023
27579
9724
33342
41523
20154
10736
46506
8997
37960
25498
41711
13927
26645
13987
14573
14935
42080
16959
39932
10654
18304
14974
4286
27491
14699
5180
661
24776
7903
36575
47257
18014
175
40842
5944
26745
38712
15519
28407
6331
4317
2712
12959
44641
21955
11845
49199
9852
15625
33920
15627
47576
28647
33458
45938
14447
32280
725
40259
1269
31075
44565
14359
14560
18320
13778
24810
24883
16527
35443
49645
23932
29827
41005
8652
37585
14888
31446
46660
3314
41101
27853
14852
6472
45255
48413
33027
844
48429
23078
26850
48538
20782
49204
41766
41919
32882
33253
28219
29131
21078
1294
24933
25556
2419
5998
19098
44003
20521
28596
17584
47573
36083
12636
41530
14087
43030
22949
21772
18398
32585
18550
46591
17674
3717
4756
42983
4193
24658
44939
49718
45002
33167
35942
7896
4280
32007
14038
24900
27964
45881
21603
6612
34298
47120
41770
42664
14303
46321
48621
45299
37124
45555
12282
30857
4297
4182
3736
27213
14492
15155
17146
47384
30802
3397
677
31615
32384
20306
3176
39607
18628
25250
36662
29862
20978
27214
19584
23421
9353
35526
27852
47166
34824
180
49699
7407
9915
17039
693
10478
31751
43147
6509
20274
10706
36665
16356
20142
5486
13427
22318
7188
32929
4573
42665
1615
19168
36536
12484
48533
36480
44857
39958
30289
10150
49138
47891
2465
9507
21949
20573
48159
49669
22972
9153
36406
20282
24513
36488
16058
36105
44737
8834
27757
49751
12717
42903
47664
32928
33664
632
36457
33697
47796
24967
19848
1148
14787
18560
9149
29366
32225
19650
45701
24290
5669
29202
13513
14914
38930
5919
48023
19936
3560
37591
2253
10404
10728
20374
35622
18065
16749
17045
48787
38242
11952
20123
20412
43486
3750
28809
20485
16888
35611
37677
19285
19385
38543
27063
18637
25437
23729
24040
18028
11957
29835
35304
4232
14656
12975
44061
37577
33529
6940
20810
1315
4666
30300
1069
38708
2282
14664
27891
30306
38033
5440
32608
16503
10605
37431
26653
5653
29172
24485
272
34589
35023
26946
9202
30008
22823
434
42401
4753
13646
40757
13762
15781
36467
11190
27428
27455
23779
32754
18115
40486
20303
13012
45987
43925
48563
2088
43620
3599
40530
27234
10947
18512
49806
19331
19790
17958
29101
47141
32961
7394
29849
15643
390
3494
8860
49474
9729
26382
8683
42432
48135
8917
19933
22870
13387
15354
40783
36308
49803
12581
31555
32821
47964
17445
36958
11153
44214
15186
38758
41099
10484
14673
3162
44914
11899
47038
11245
7454
33631
26686
1911
10201
32625
1344
4004
48934
16204
8373
8851
9104
23437
4808
20747
6577
19176
6873
15089
17006
45237
1204
17399
30567
25265
4255
3271
7699
13151
22890
24951
40997
11016
2722
21352
47929
24473
7685
22840
4366
7729
35166
47065
875
37419
40831
25661
31376
26753
48711
44756
8586
47778
31574
18856
24440
24650
18563
20292
17055
20684
15378
21595
9295
4997
10555
24890
27690
45903
48381
46842
5036
39147
36487
49316
48882
4042
30543
45448
15312
22469
34887
3960
36016
11097
28340
28857
9987
18721
26543
10382
21834
2549
7755
2736
37391
32849
41501
41371
40992
45960
8742
17619
46084
26174
44748
1873
7103
4127
14322
42582
6561
23661
33138
24831
31303
32785
15293
30290
23801
3221
12310
5270
33795
5700
37894
40632
10669
9205
26349
45633
15606
27805
6778
20801
46169
34512
5399
17165
21767
45125
33768
5517
11285
10104
21920
9355
6530
48630
21548
18511
18082
7938
17595
37790
34738
5372
13375
27671
7590
20732
28404
48161
5729
39445
42038
31856
1423
43063
13792
42919
4125
42828
26134
31864
36104
23774
1780
10556
11770
11575
25854
18212
26917
16444
46010
49680
35265
38306
26237
42356
38245
40799
39381
21879
675
908
4120
35842
47621
5849
34299
31561
14405
20807
48666
29474
3206
4161
49715
3174
19211
29945
39846
16852
2125
11072
29796
14963
42798
33555
19252
14477
13456
42016
24703
48571
34424
28241
36944
12649
48302
38819
38696
45819
15485
22103
33001
19708
7697
24952
14929
24105
6338
38489
37911
37395
47659
28550
39851
15898
31485
10768
37880
46669
173
8223
20603
36121
2877
27292
24909
37341
16556
20938
42178
45828
10413
36150
2120
9274
36782
20484
21198
48715
39228
37451
16453
13356
24352
16643
1580
16280
14259
26591
18569
20156
20495
38427
34207
28661
2028
39677
45215
39967
43404
3965
39458
40608
16795
41096
3173
11536
44106
44361
48683
45728
12135
42817
47505
38954
7921
29382
12593
10175
5267
8140
32277
39660
15340
28723
26138
35189
44792
41406
10206
47090
48083
45007
14432
7476
35867
7162
28427
42745
36453
24028
16653
732
18773
8954
47729
44848
19083
33313
6082
3421
33702
22430
30162
47183
29251
8805
17642
12884
43053
35112
20361
38888
27305
5510
25204
681
4512
14223
16566
40004
8836
14724
33853
49172
5205
7870
31347
46187
49155
27401
28854
48935
3747
45579
45219
4495
40247
10424
3047
26377
22073
40905
7192
33294
42243
30140
37749
34888
25353
19835
2579
19635
10907
33737
11155
40373
3451
6519
19683
35949
14093
14026
46074
45627
26755
19437
40940
45915
42396
18176
32795
28221
14896
17501
30126
40600
35964
21678
40934
813
22086
19338
21190
32137
47333
19240
39316
21916
18574
14669
12144
8252
30711
3853
6794
47221
49422
48537
2416
26700
10995
30657
45181
27392
10541
43535
20414
33259
37312
46471
42451
30387
9099
35386
28997
19800
5962
4802
11847
37151
15424
17925
45863
48230
7911
20885
15093
4031
35620
37140
33733
14845
30526
43111
11438
36877
587
4181
3804
33420
40438
7516
22860
40811
13410
26428
15657
7321
7825
11903
32397
6463
41801
30011
41749
49210
2810
30041
46385
28980
26542
1802
32855
17715
1402
3341
7968
48022
39122
49305
25815
44612
19477
32690
38372
11588
34552
1371
14084
16409
42529
29426
49874
41448
3865
22082
42584
25565
1367
37940
23606
3504
16442
36285
32521
7025
26771
1447
21481
4881
7976
45019
39657
34953
30138
3070
35221
10510
34338
39756
33731
42374
22785
48866
10596
10460
5230
2241
16475
24204
38936
27872
22686
6721
22353
19456
5292
45072
49364
7650
49698
28501
17776
22260
32412
15232
154
32434
26120
42416
27117
35838
6829
41327
26566
18033
31128
38148
13797
30813
47191
26513
45793
49307
3742
31133
38572
20386
23605
41260
15039
47640
26409
17153
26091
29550
42049
24635
11318
2965
2729
44917
13806
45295
2684
29931
37654
18454
43461
40200
11584
37617
30877
37107
15063
38922
22968
1131
12619
1051
2134
14940
39637
21846
10676
23257
32170
23517
20921
7918
7486
24394
7648
20775
42232
33758
30644
9158
3323
11144
39010
8737
46336
30812
3698
17231
1259
49082
17272
19641
45730
7638
39954
45770
437
34817
49818
11459
42980
2625
33630
24950
37774
20541
43688
47474
35848
49433
41722
26211
9406
47712
45765
43734
23458
26698
26403
6367
14514
33608
26139
28506
49948
20324
33543
46273
2650
46306
38707
8309
42896
21935
23479
32339
27632
46404
12407
25709
8891
22909
38318
31448
38026
35851
38122
29847
34652
7799
31852
13168
31558
10165
23086
4966
47472
16998
21146
31859
7710
28494
23628
42956
41924
48369
26268
21200
12214
49028
20887
34388
15719
28732
19040
6826
43666
28203
42136
18029
30012
26084
18254
11466
34156
124
40142
6246
45944
11310
44163
14024
43117
9797
1038
12459
44695
15035
571
18736
27022
18895
44999
48747
42562
38336
22176
7070
27164
25076
42169
33799
7916
40521
9237
18024
16756
32709
36642
37457
16455
12302
19556
10253
49624
1874
23054
35732
15804
49708
19322
7215
26492
1132
960
49949
9112
34288
33173
8979
23406
37479
23097
37227
27385
44814
18543
44248
4208
8053
31427
48854
24852
19665
37332
15846
12736
15060
41074
3631
6672
48325
17858
14906
3805
32746
14188
4123
26339
6093
10058
31984
18509
49962
11726
49853
39357
38677
24423
39469
18173
18571
44883
46545
25877
6172
20021
15810
46073
6101
39120
12491
23549
27010
20332
30938
15517
42819
10532
12337
39997
5375
27651
42790
33551
34422
39808
24781
17523
6935
409
29720
4550
23084
27928
23747
25704
2439
34028
44825
45355
5679
41873
17301
16008
45248
36661
4668
9901
39343
48650
298
10961
40096
18396
17566
40235
18126
46550
5124
30906
19019
45607
33201
43521
3435
44735
20734
9847
32565
40856
48361
30143
25373
187
640
26366
28011
16639
46009
46134
22081
44733
4959
32922
10364
2111
28956
11404
44795
1948
33260
46721
26020
36463
19087
16822
25229
33594
19511
36044
20022
23680
26429
8545
47497
20384
44259
22332
45453
45350
42436
27123
1909
3317
45230
49907
1930
11881
12272
46391
14863
43629
13185
44338
30928
49893
22965
35818
15853
13790
28392
29499
27116
8764
470
35122
32187
16162
24052
42238
42485
28771
12474
47092
42747
19739
38131
49413
43449
29158
12844
44049
34709
2783
15427
15791
16334
48720
36338
26752
32317
36773
8921
6986
152
10546
33265
48487
6726
27985
44578
1469
4782
5996
589
37919
35473
43163
2275
27230
30401
14822
21378
30382
26533
17812
21814
994
10772
23778
36499
5943
10584
40005
20018
43774
25848
25865
39758
2701
27836
17242
5034
49846
8238
44063
33981
45505
24026
17160
36409
15270
43193
33755
33203
19816
570
15604
40834
30197
37595
23561
32287
40330
48149
33397
34520
3627
17782
44858
11323
44133
30434
46818
545
38486
43152
17737
24908
4790
27697
19755
30036
15539
18997
6808
4054
36562
19247
2135
3389
16187
3348
6842
26810
4478
25916
37472
33036
6278
46640
44130
42608
19821
22706
18058
46364
11570
3146
30174
29406
46896
12980
26973
18641
47270
22871
2228
19372
33485
45939
29359
17956
4445
48548
113
38356
3933
14363
24472
13442
36135
3955
22198
18956
18323
14370
29648
25895
28249
31738
29481
4157
38094
35158
30991
10034
14788
41803
25742
46018
41129
25917
9823
41496
34929
5863
9689
26673
49451
48153
34506
40465
3035
12900
28920
23844
22789
28023
35056
26345
17377
24812
45699
16399
12751
12985
9472
9851
5366
33026
16376
45790
39472
9560
16109
16811
25156
5241
18686
39944
28048
14452
1341
30651
28102
20614
22942
47731
6321
21113
31320
38615
22772
8461
43168
45630
19408
47460
42184
43343
36987
45888
9044
31723
6522
46103
31350
24858
42887
5674
898
32177
2553
27574
5536
49965
18874
20681
16654
33191
28256
24449
3364
22678
12722
17807
48349
48272
20078
27451
47983
16467
30121
14745
14928
14126
19931
35008
36513
22444
14680
26669
42951
17157
27682
17110
26356
13237
6441
32241
38435
6481
38884
2852
16824
5542
33605
24469
18350
38212
26490
34899
25957
49578
47924
27637
29740
26692
25154
35407
582
40061
19629
10730
37186
36589
17499
23873
24944
19960
40859
11595
25701
31034
45747
42550
6409
26697
5317
3975
32440
19759
8642
36680
46455
31671
48857
19642
34708
20186
48714
48456
21109
19636
5812
10562
36260
31789
30348
16815
18804
24940
8901
33689
237
25197
28719
15120
12794
29872
34915
30340
28815
22036
33120
12744
41195
12705
14596
40464
8390
42126
641
46601
37636
10156
29644
5560
47665
14374
14261
10214
24599
41479
25310
13119
22599
23889
15511
5396
9133
23330
17589
3150
48865
32911
24715
47923
44878
19651
7613
14233
40182
40141
9454
35214
26389
6449
21816
28293
48237
12479
34332
39314
22180
7120
21891
18823
15290
47055
10449
35689
36412
16000
17081
42874
6696
43929
7819
19599
10216
47137
16344
44347
41968
29026
14939
40266
18914
37882
662
30216
48219
13942
28240
6401
48198
44911
24970
23304
45150
10778
6261
17473
10871
1679
19383
49942
44935
22958
39259
28853
23727
45808
6164
22136
34591
49606
17848
48695
16031
38128
46747
3255
49801
4795
12365
27672
6764
30925
47063
31424
2298
20716
39075
8525
161
46582
49828
48286
26352
47825
11345
43872
45185
37959
3904
26481
4397
32726
12172
13702
46479
42963
44022
23838
44882
18104
1512
15418
31663
4092
4514
11593
35142
32714
18700
3800
9540
49876
46453
16816
11529
28204
9037
26402
24216
29399
36735
17894
18607
49985
18140
9378
4670
33264
44420
39184
3155
24878
1994
23865
7306
21716
41314
19254
9122
42266
8424
16856
8222
13641
29239
41867
47378
27896
46580
32933
3313
24376
2586
29475
723
23080
34471
35315
37642
42032
25042
567
5953
7966
39364
19843
48299
19513
3680
47612
17063
19975
36262
23215
32567
20219
22010
18055
32165
25126
2689
26563
46704
16483
32622
23153
49697
43916
8707
7744
43383
6775
32023
47597
33078
31763
5048
48156
21172
35572
6862
36792
30788
36551
3405
16315
31425
6830
3518
24414
34979
1721
21802
20350
39896
10003
32532
13992
26457
13109
3123
18645
2417
38779
16140
38817
38987
19775
7514
28979
45898
45478
31392
45037
20000
43046
43035
7447
20298
8022
5806
12866
793
9160
42202
23312
21140
29773
42135
21830
28310
31903
13728
9282
26863
40445
36403
14753
37318
38162
36933
19090
48965
36091
23666
47832
3745
9664
33446
10434
13079
18253
12351
47019
45726
17923
30460
28782
30366
11942
7947
24894
3753
13982
12600
10810
30510
42583
909
17360
22426
34869
40636
41078
15795
22888
20491
47562
24451
30252
43029
16330
35562
11566
43348
32560
3170
39079
21028
44310
44577
7569
22374
1508
1404
47119
5250
24085
36131
9076
39094
18593
38608
4507
32037
23858
42429
24039
16443
29601
28807
41434
49551
25336
5672
16830
11559
21257
38158
8766
20082
35249
47694
26777
35211
29564
49553
25013
7668
44763
23757
28683
49827
17630
12418
45771
14389
21699
35192
23513
6942
9599
38733
38332
6717
12610
41253
32551
442
42898
6219
19132
15648
15334
12020
46314
20898
37348
8006
5487
23085
29764
30504
7233
40124
34695
39787
7507
19336
31354
39424
37051
18153
38436
30406
47342
38631
47886
27747
11665
16479
37550
31498
31314
19567
15135
45727
5977
31183
4851
1391
16141
10369
12688
21823
8998
7329
1597
1665
36722
10191
39802
16700
3998
2166
43622
25760
29850
32077
30147
42502
487
7104
29537
8574
39011
38477
13020
32836
43047
14736
35301
42617
1558
12194
48647
20360
21862
49851
17013
18145
21295
32183
37329
34610
9555
5105
9882
32171
42720
2426
14718
28507
11265
45807
7702
38443
5251
10664
38111
1032
42388
39362
38815
1370
14464
35719
8278
45717
20875
44043
27532
16425
14287
12792
4066
19124
5284
36747
8348
34089
35436
39956
34004
45626
48500
45912
31652
49865
22714
42847
27061
33613
18382
7580
27674
6397
36209
31526
29067
36498
18565
2599
37534
34656
40669
2721
35416
21880
24929
9154
33104
19149
34198
34135
16395
15323
36798
34712
31778
12771
49152
34657
14876
40645
42870
5929
49631
22576
6250
5916
35826
10068
34315
8972
47879
33384
7096
36780
31423
1720
30955
38255
38809
18546
2487
28546
24821
49000
35707
19530
49347
4159
10456
10620
9567
22340
7857
29826
36650
45809
38460
23783
47785
49029
42885
25094
38873
18703
12970
8298
33208
22959
40750
28534
49453
30946
39099
12822
22075
27752
45520
5465
38768
46438
47031
40812
5437
39879
44332
4783
43218
31983
27085
23645
45755
13867
21584
21518
3766
5170
5083
40157
14361
1384
35358
2917
36179
35741
21221
44157
42689
19505
3672
18252
19640
42058
45154
10163
37387
18759
25736
1633
48654
10390
23433
1353
30853
35733
7292
2206
8532
40072
46190
20165
10071
46755
21766
2637
33794
13070
25883
16407
31252
24345
26769
15384
3719
15936
18166
31540
19679
39274
11504
23325
18213
26647
4223
19323
11601
39434
32355
13454
2886
36734
42262
33858
307
24436
24474
35943
35085
8145
43384
20176
12902
48615
44410
8213
4407
12467
46280
2218
23979
6152
27788
40166
21571
44775
22311
8788
41173
17590
13128
27435
33913
47005
19549
19826
46390
35260
46189
8826
46004
12950
26011
27575
40819
20735
4603
3463
27570
28405
32563
11430
40699
5562
22117
48468
48442
23115
3175
13308
29805
23758
11755
23426
13096
39359
19796
1043
49732
15817
10743
38300
33729
39884
12948
38644
43419
1102
5937
21866
29222
1587
38820
28199
49823
12562
12288
43104
44713
11774
47512
17187
24076
2024
8959
43614
6666
28285
23169
16205
31713
42000
11856
40734
35064
679
7399
30360
16943
15280
33520
38027
30702
14609
1279
28846
17393
43821
21478
6237
12404
8413
40361
49783
32902
26817
42264
26152
39597
26222
47238
4489
21121
36978
47690
16143
34006
42624
45671
40043
41776
37723
29651
38759
15463
16684
43511
29384
35280
32745
34622
17264
16909
24273
24477
30785
45825
47641
5591
18310
16664
22220
10161
27810
42875
23303
18666
19146
33088
5271
47278
45844
1186
26610
25375
18760
21786
10118
11360
34077
15330
34049
11552
881
19429
41495
28547
41079
24001
39581
19199
38017
22543
18937
3143
25476
6016
10698
33437
28915
21184
24530
3846
34726
45307
28601
35699
3722
4252
26668
19356
49125
26496
28483
47426
6834
9425
23562
5235
39801
8103
17906
18467
20675
10187
30717
6158
12456
43008
24133
43067
29197
42101
43788
28514
7262
42973
45696
32589
36918
14825
16551
31399
25091
18020
11806
47307
12816
14545
22447
34348
5395
42349
27369
19661
42561
26446
16369
30118
3477
24029
1223
31956
46195
16773
49583
33898
2332
36143
17706
39546
26655
41560
19486
41284
13963
35178
32605
22366
1253
40015
5865
11984
37819
26868
29784
24343
14071
26625
16973
46752
31298
25963
47577
14197
13491
47315
9947
36684
15119
11797
31686
44182
21926
15588
9911
47269
10751
13429
43679
2655
39557
40168
28304
12654
15180
47875
36928
48996
186
42102
6984
38116
34773
22466
11715
13699
40711
23166
37141
798
40059
23229
25832
27791
1590
41996
34214
33593
20305
30343
900
15978
4142
49931
44479
23471
46356
37383
16533
41357
5286
31989
16821
1332
37447
35749
33326
16094
49370
4538
14278
31566
27341
10316
2058
10030
6766
26942
49879
41228
7694
43169
2047
17276
18947
31845
30796
40158
10723
47614
39841
24116
13407
12979
16975
38916
8999
37968
21471
8435
26373
9382
31772
43642
36983
20851
19688
10658
