32048
34665
5129
7155
47363
48154
32197
3594
26488
9470
33563
17384
13181
7143
32049
20169
42847
30631
15274
15753
31066
32404
32233
48921
7136
37402
3780
34921
18064
21328
19002
32124
25342
43530
35137
13971
29399
353
40419
36323
33748
42660
45616
22768
33983
33950
31148
41582
40607
11121
41001
2664
47926
732
33601
32884
28068
15334
16469
15923
48486
16665
4165
46390
25974
39375
40959
9352
10151
36171
13644
47764
25218
27365
12609
8353
44037
44386
40410
19879
41032
44461
4162
12218
10550
23552
31695
39694
30798
4969
31084
41828
10138
47058
25375
41939
45118
46920
1843
18023
18198
3998
13008
12762
34272
38198
43072
27394
18297
41095
23209
5229
20468
24759
12114
31542
8636
37797
27334
41473
22662
48670
11139
47937
31575
31106
42839
1705
35509
30812
44202
18033
9242
27959
28215
2051
38781
7474
29905
17606
10227
38345
45372
21617
15946
1895
24074
32596
12956
11384
48036
21860
5360
30279
31198
41049
34638
41498
2227
383
48363
27931
36102
12671
22702
15012
23619
21334
943
26531
30741
25763
48132
25000
48665
26990
48422
36021
22147
27153
20048
4585
44961
3661
27383
41083
13486
5292
45270
24428
11629
22502
13579
37887
42005
40064
38683
27605
46881
20654
2949
44176
7290
33996
49929
49186
40386
13454
5841
25399
43660
12053
45664
19191
10518
48926
488
40069
38364
1636
1308
37434
24545
10983
27607
916
20699
13029
2769
44162
26809
48971
6565
41747
1148
29036
11359
25090
43786
34974
6993
45780
41557
825
49483
40204
3654
31822
31321
8008
2345
40613
13519
10084
21922
804
33624
22904
37386
46219
33561
40683
15354
19355
44396
620
37310
22119
31627
15124
25754
18754
46787
45727
36604
8968
23773
4662
37170
706
6563
48677
10692
14617
15607
36044
48230
40507
16708
14794
26362
39663
7349
44811
21530
46839
23252
30100
14530
25752
34768
30577
33819
31184
44426
43921
46706
22383
23657
36786
38409
22809
21604
33034
8370
29444
12770
22055
37679
29403
39418
13898
46823
6816
24832
15546
48404
12885
28510
46913
33822
16456
30681
41529
30398
31156
13037
28779
42919
288
4952
48589
36254
12302
40694
23387
28857
34169
31802
17301
42560
43668
15243
9229
15496
1219
16463
9779
36978
31769
31399
22332
26112
13985
35405
31549
41071
26563
49282
19419
31764
9816
27778
4978
2204
35781
44210
45221
45534
30772
33138
19272
17286
13162
1054
27712
16537
32791
1015
35290
46307
49939
15631
35574
9862
43643
46353
40967
13297
33222
43847
575
24570
37912
46161
12964
16839
39380
7699
17471
1362
43550
11617
13716
22237
11955
37594
5033
7120
219
30971
17517
45233
14485
35238
44666
7119
11789
13298
47175
42107
22303
7286
27326
26948
42892
3286
11819
15444
22116
34945
14786
42056
27306
6701
17540
4900
27233
38915
4291
5209
19031
42832
21560
42510
8925
9397
31474
34604
27080
42318
17168
33710
39657
48002
45207
20726
11776
47551
27011
9125
32516
24290
31302
39616
4783
41026
29486
34038
32890
30369
32145
25420
24119
48878
30718
42016
41232
36431
15464
39391
33363
22423
13632
12405
38269
31463
7106
25340
35537
18346
31504
2387
30637
46800
24282
3380
47187
11858
20708
40788
10280
22107
7005
21994
13552
38293
29346
26039
10062
16202
31075
3059
21811
38253
36677
41430
40624
19470
36990
26651
25111
3198
46313
44056
17652
532
30969
33749
24296
17256
46809
26550
42675
36023
47552
13554
37726
27957
49280
49123
47836
38577
44269
25756
36685
8464
8719
10971
22764
40608
3253
13773
25217
13202
23415
49803
49327
43515
8690
22841
3
49514
1004
32422
48825
39899
30009
22898
34900
12203
37688
27340
49930
8646
6874
48407
19396
14242
5602
6740
181
21486
21862
7580
23010
28789
44735
254
23592
23014
43787
42691
11612
35168
12123
46907
41827
49078
26922
39981
43916
25148
26837
27597
10034
26974
22658
43279
15081
30781
34027
17334
47402
4525
1016
41561
38675
11012
24113
345
25743
36717
33517
33524
45549
32119
5609
28676
27781
35181
9574
43739
18010
39692
9466
21364
11403
10784
36386
39505
45070
29766
34915
35532
2471
29151
24661
20671
39903
6134
23978
44944
12809
12379
37026
38400
31037
40392
31336
47911
37210
35404
5627
14452
38666
37429
7411
49326
7899
29916
12937
10130
9427
44296
28819
27236
23785
39787
20010
43545
11291
44490
17782
40746
9578
18290
47271
723
9663
17673
35312
22682
4864
7559
15452
15714
48283
7328
34876
35207
33945
25493
31789
40436
49366
17718
33932
33449
16949
37340
20418
32161
43816
35458
32255
11754
9821
42966
15045
24672
48150
46164
31760
40845
29961
22868
6684
799
19122
40350
8026
41179
48116
45345
27878
20573
5628
35539
4441
33939
30143
19588
5495
4023
15355
47364
48736
34813
31861
16222
6579
1560
852
44849
21501
29354
37806
6010
36811
36331
25964
49706
30625
11294
16342
24277
32488
42487
8990
18413
7532
44010
30236
12348
36038
43709
17297
15239
37524
22932
23531
24347
17213
15890
31091
24674
2398
16716
28315
16965
29373
5166
15360
38681
46643
26710
33489
23019
10616
26760
24725
45357
9860
39606
39201
33012
29244
24132
45065
31226
27097
43093
32995
14362
15577
14182
4046
2911
23312
6409
8157
22380
6965
18013
44380
29799
27220
10254
10619
43251
21718
15439
31620
22549
35745
36719
12256
40981
23487
35773
6130
40652
12668
1452
3880
22873
10402
21011
34259
43873
6175
42508
18244
17705
18697
17496
12027
21809
40300
3079
10131
32797
16850
26801
20846
49328
36800
17716
46484
29395
48065
41312
24846
11719
28499
11578
1433
23599
33719
8044
22427
11720
26495
1284
26373
16098
49563
5037
32476
42420
40085
36761
37129
42969
30043
48813
27613
4386
33432
31274
24602
21190
19796
13606
21960
46884
28829
11999
17267
20174
39706
2692
42953
36886
46925
26947
2434
39460
31512
28519
24839
37203
23875
26101
12008
3570
37225
40498
31265
4107
20543
75
10144
18503
1043
27897
42724
27981
44991
28663
18019
33059
26861
8687
15891
20664
38846
30729
22013
45169
23448
44531
49450
12342
43817
12118
20607
39610
33960
1052
686
13983
24439
7009
25925
48193
9986
20489
39961
27023
12628
762
40669
18444
5383
19519
12566
22482
6556
30296
37847
11019
47945
1470
2767
28927
870
23346
19683
33242
16302
7585
4768
43393
26111
35391
17470
38722
27548
7285
10335
13195
25839
41924
29137
44914
30136
13382
48767
12253
17483
10397
4989
28391
44177
45035
49630
16649
47391
47482
41449
16462
3393
32297
26853
40932
25015
46677
17415
12086
40053
31968
16724
12314
34855
5727
30025
46001
19315
45457
27171
2738
14451
39490
18129
31178
48668
37522
22990
38040
48598
6650
40977
28523
3692
1280
6585
20131
46251
15877
16826
47005
42653
11888
30132
6979
9433
13092
37146
12355
18162
33008
33982
39625
14109
6357
48052
19735
43714
48260
35586
44505
18613
2495
37883
27118
14404
2225
8818
29950
8706
8603
43471
8117
13573
2850
35935
24415
37219
29131
9038
33620
47145
24165
40966
6881
9322
21219
19884
13977
25186
22222
26982
15804
41988
36093
24147
14507
31292
40909
5725
11693
16458
6526
48107
43947
24750
28665
40822
15017
632
41765
49821
45986
17464
24311
27497
22774
19617
44277
10627
37610
7437
31878
1590
13688
14898
3041
26116
43478
26666
4464
27041
39836
16132
40818
8479
45808
11285
39960
35378
28100
19861
29111
8469
6489
2232
3288
42373
16703
21173
15386
1208
17154
43037
30960
39696
11418
31830
2394
20791
652
28118
17222
12403
34004
27202
901
2877
18612
14833
36083
26775
3715
39839
2366
38810
26788
23170
15594
40463
24107
6482
21318
20144
29608
3348
27264
42550
29667
4668
7175
20044
49535
29822
46359
24129
44578
22641
13264
11430
31094
21175
8950
18040
13559
7676
42655
1155
26741
21978
4759
21178
23802
24323
1110
1524
35385
13216
30925
15407
22202
40316
21192
11878
17873
40871
27055
25211
31983
35700
33804
22907
8488
4886
17968
23362
24996
6655
29684
31255
15632
10101
3595
9121
35225
6589
35549
13674
43577
6831
15340
3651
14289
45846
17338
36164
35314
3036
33963
40247
28453
49373
4469
30687
10686
40273
17937
8350
36453
48333
26176
2007
14243
36090
46224
23364
13564
7591
12046
21841
48807
1776
48109
27637
18294
33567
43904
3933
31629
32822
32611
6688
990
12614
45828
20792
26159
20434
24881
16755
13115
29945
42229
25795
26091
38807
7920
6967
26055
8503
23914
11610
40415
7486
18506
9905
21187
48803
9832
10410
1285
47144
12487
18038
17293
23356
35398
39260
40262
7873
4790
33737
47595
22683
39659
19527
12553
10875
17695
30756
13874
23181
49851
33013
38047
391
3545
20088
42141
35108
30858
49948
33447
20604
21408
23508
26953
29979
8163
46693
15494
37183
31594
33515
13061
1598
68
16855
40660
47999
29747
35166
21614
18095
21728
48959
49174
32408
5797
4559
32503
18953
37112
31816
9453
49730
2044
21805
31973
28572
15853
18820
14800
48378
20740
39904
18427
40812
36081
16355
38756
843
12143
977
48389
39879
17617
47826
41634
42348
35169
46263
27717
28947
19488
16018
28587
32621
2912
43124
15084
4149
25579
35092
3800
49085
26682
11664
11350
1316
38131
21217
45032
48304
5559
19794
23004
15060
7098
44653
47094
41419
45904
9442
49063
33349
18884
30211
48436
23494
31805
10139
21153
29880
27094
39643
43521
9901
49254
47487
34821
28313
1834
7418
3250
9994
10999
28502
23732
13267
28432
41522
1001
27625
12659
4101
31200
10690
43549
34573
45764
32574
11290
21345
19999
5291
20071
46352
23050
8216
20323
10667
32745
1522
18698
39529
18447
27846
29269
10589
45523
22379
41622
3804
12797
41960
44219
47155
23314
41675
49204
3268
30454
7103
30726
27353
2511
24811
25141
49418
44488
708
39459
36654
49005
43997
15947
20000
32942
27279
16525
17590
32908
18855
44715
16910
47566
11671
48626
26061
14204
30694
38508
1183
2266
2066
26118
7632
36189
20503
30862
42530
5836
16298
9751
14573
6557
7204
8308
26620
22778
35039
36597
15529
41458
48911
11127
19490
13648
30464
33341
33531
18707
31411
29839
26328
21788
45348
41070
32194
1759
38548
10578
16007
19990
24938
30277
24065
3886
16745
37542
48183
7249
43191
28059
30068
10472
40290
36186
48180
49664
14405
8098
15127
35393
21980
3646
25658
17499
22242
13386
47773
34194
48772
29195
29156
5891
46813
16358
18663
17610
36108
6618
22731
35197
20535
2098
43792
7894
619
6437
22739
1243
25604
30259
38798
44255
30957
18800
26869
13106
46372
30246
41715
32433
20669
15543
11292
47030
42303
19210
23005
27119
34441
21227
4388
45977
3425
27773
23840
48467
1332
6128
23404
34478
28066
9284
33470
4098
27664
49987
12636
23884
25992
29332
7399
39601
14699
4875
8494
39626
9271
12039
1125
8406
47241
4556
25116
45666
47530
17110
10238
26172
21197
14378
11594
10674
1938
24499
35334
29129
36973
13272
19437
20609
39987
39647
35325
35024
16611
36960
36789
42407
14829
22146
16299
30846
48286
2229
16595
1109
10633
19410
13414
25025
26287
20512
21964
13294
22163
15457
34763
455
16723
28354
20765
34692
27592
20533
32459
13055
18145
36806
19124
15883
34662
33483
20477
47964
49214
39415
3147
3517
6969
29325
30974
14294
15642
42492
23089
22558
12279
19143
28469
20015
49876
29541
31640
1886
11568
35377
18756
46828
7211
48720
36048
26728
12593
38329
27723
29913
48029
26189
1878
20171
40566
47960
34243
12835
47418
39835
17451
13747
16019
27450
15280
25939
8801
9197
29335
14988
33283
13323
8788
8859
29941
10425
44451
20384
4758
24152
3271
5928
5170
34722
29829
3610
43040
33009
6520
39283
21518
42139
34375
5806
46912
47246
45761
25915
34635
16893
2982
16715
45408
1613
36303
23806
1556
40865
14158
28485
28426
14840
24465
5442
7544
39124
10937
30561
9450
36931
38228
42895
27760
44280
2256
49047
810
6208
25559
35282
19293
18972
42955
10839
46590
36042
2035
39935
25769
49133
36579
21885
48828
31821
32053
1113
14094
18835
32517
1448
5357
12277
15374
35430
20764
31651
1193
46961
1525
35406
25455
3558
6248
28006
49158
33865
46103
30178
22830
34827
7081
21713
2939
28746
24417
8517
13238
32363
30860
22326
39316
19453
44806
6886
44435
46003
13949
44790
28524
45884
49920
38592
44509
38395
29503
22227
10778
45131
8031
38905
3758
9660
33241
10386
44596
34352
17522
41852
13903
42644
27986
5021
44046
35244
31593
2823
36070
1446
6229
6957
38868
41736
166
5887
15936
42970
40196
37919
27805
33832
16449
13745
2757
22776
37780
28001
38094
31912
10745
5172
6958
5281
29677
39143
14388
12125
43136
11156
32441
23874
24363
44216
43083
2194
40398
30630
4248
24893
24645
37612
30593
2465
14609
46214
8872
29689
8072
32561
14963
39257
24425
48290
17059
45595
1282
14047
6625
25122
12064
12111
15078
46121
24803
17560
34708
27721
13056
23925
12098
33319
2873
49536
27844
3589
26893
23971
20661
23116
3784
21702
35034
5388
13627
48377
19158
11766
15507
25241
15782
8265
25912
18245
6347
48686
12056
21270
47558
17927
19226
35575
10112
21644
6736
44508
9713
29611
22575
37545
15126
28475
41096
31838
41474
22973
38199
40192
13091
48960
30353
47544
3743
49374
42438
7004
3365
10030
8361
5526
47934
32751
48863
10178
40771
47313
34838
338
37318
21241
32241
45878
22214
21647
48741
1515
13807
25423
33794
13914
38281
48431
19789
20860
6194
30567
42472
48634
41036
9248
36859
12389
6200
34760
35973
11304
29683
43483
36294
16947
41299
30952
6584
18464
24926
42633
6802
28283
16486
32770
24390
45359
41559
18276
3030
39820
28794
21148
12887
25355
39139
19668
6249
13795
11949
48179
22178
28984
28830
6450
3248
38615
45849
20020
25465
7419
30131
7545
25120
8686
25383
28617
42868
5996
33125
36237
37159
27402
40023
12933
36902
12193
1229
22366
23268
37735
6952
24035
25998
39821
39036
26490
39341
28991
40010
38190
25759
6349
31247
42400
43186
22209
44840
43345
22958
39549
4004
19307
30407
9274
36921
14353
10431
43310
6617
31459
15230
36346
13421
43229
15963
3366
23818
30284
10019
24469
38069
21058
13933
47639
19616
20570
40214
24939
3243
33695
35049
42601
18596
48270
41950
14226
20732
28569
47099
44226
1443
32160
642
49371
24699
18394
7747
36833
35996
44422
45590
15433
4479
17316
30998
34770
36852
19300
34733
41025
23262
34202
14921
31063
23201
31279
43941
17934
43751
46150
23395
4933
46994
31132
21146
860
24164
1853
28196
35976
44409
5342
23511
8427
16394
46210
46273
259
9803
31153
8747
77
40284
26804
37037
885
5776
44318
18273
44533
49229
31021
21586
30475
27411
39711
42149
14141
2652
42177
31645
37801
2904
4198
33754
38836
27632
16110
35447
45702
26040
24652
3349
49569
32828
10124
44256
32807
32268
13857
7303
17291
22234
47460
48800
36991
27133
8653
23326
42584
7607
21027
34438
19483
41300
49764
23577
17000
19646
44843
46257
10197
13301
22286
30233
5269
42525
3881
21654
557
20152
25919
43979
35823
40579
43269
5134
36423
43756
9529
24179
36731
6515
38021
21067
40496
42995
40171
12265
14197
36253
42193
19743
30497
7650
45763
20647
24170
8797
44967
48837
41044
17165
32746
45336
10620
18020
31164
9035
14679
10083
195
25346
10000
17988
3676
46996
4693
37853
48295
35589
20684
8533
34150
6252
13762
27656
9601
16093
42861
29237
31954
11708
15215
33744
4264
42904
37363
416
13062
27276
3638
35867
16888
34270
1610
10758
17576
19312
33136
40974
27454
29706
208
45369
46973
42803
43512
48987
6403
32135
17099
26323
31080
42531
21923
15401
49412
46639
49672
34951
34224
21727
6117
6554
15958
22431
40289
14533
47029
13797
2294
12345
18153
4104
20080
39884
9354
49801
14319
5182
21231
27929
39446
17335
34866
49550
14061
8159
32893
42891
10736
35986
8258
3398
8607
71
14133
42422
3831
4785
24765
49913
20840
44701
4682
7281
28336
48077
6677
29494
31361
22833
46037
31598
23726
10544
865
47427
35983
49666
1309
34590
33851
16670
5856
23910
44138
16931
39456
11769
40025
21992
27619
6220
1846
41378
45471
34373
45956
44484
25577
20784
45105
43836
22755
2315
6800
37715
12132
7393
20951
34117
2635
35709
1091
1209
12475
26464
28177
15168
43362
6845
49791
32970
4445
20360
23964
10792
9669
45902
41284
17094
22361
28402
31464
38872
39113
35454
39994
12092
28108
41662
38242
38152
18674
25598
31133
2308
47257
18606
15996
7900
16658
7757
10450
5030
44864
24413
26892
19687
1726
27974
13180
48936
28904
5427
12535
35483
3770
47824
15698
25578
44750
26929
7803
41345
13141
40364
24591
23896
10186
37745
38890
36546
1059
47348
34472
30638
40073
16906
33535
30518
299
27441
8198
41115
21057
44428
13245
28859
19484
8337
4573
43503
14754
47827
45085
69
8289
19178
40485
20150
3790
32280
38556
44174
15448
27106
46248
16933
26891
32764
25626
15773
49302
34581
30240
37860
28831
5082
26368
2950
22263
26599
26313
48879
3967
48933
28086
30999
15801
39510
15586
20978
38729
38557
6276
9346
9749
26899
36665
34847
19589
8038
33863
5298
29032
46320
14523
29593
33997
23939
42615
43423
40826
33736
44217
22238
25072
36606
12166
12454
17850
23835
41068
41410
9270
864
28620
36252
14386
12417
34386
45086
7796
14728
9576
29616
30945
10517
42884
27852
1905
46343
20251
27873
49779
9656
1227
49251
24300
25720
34227
27110
25943
45731
42435
40799
37165
12581
2449
8114
37921
19684
8447
24794
24741
44980
19534
43357
32703
20013
45477
17341
7701
18144
16903
45166
12117
47385
16604
31554
26150
36578
11760
31671
27997
15023
7640
31995
45911
31891
12819
30678
31644
40733
9176
12244
24629
30262
2909
42482
28791
23382
43815
38415
37440
43869
14972
28854
7289
16233
25780
29375
47423
31574
39547
8063
40795
44674
4395
47151
3044
26303
22627
629
14423
18192
34844
5929
34776
36898
12430
1501
37902
30684
37202
11701
20399
36415
15171
6664
17861
32832
6992
6496
38372
16323
24623
8366
11111
46070
41906
10610
31414
11133
25429
37504
29882
27522
43877
4990
4507
283
45830
21920
17529
9237
13139
4539
29914
548
590
38534
33426
27428
34429
26372
2333
41573
10165
20296
13890
4470
25841
3916
32359
35887
29653
15492
8200
7902
43957
45687
30082
49797
27865
41215
6915
8420
37569
45985
3912
33739
14966
7008
30408
37427
19968
31692
47697
25735
32867
36745
38948
13775
6717
25751
43961
963
9959
24739
30591
2396
21351
33867
35227
23211
2937
24438
32461
26996
41316
18757
20491
25142
35811
31501
26213
47809
27167
38957
1237
42114
16167
24261
10020
21649
34779
12113
5672
1160
39600
46059
23545
17507
41926
15138
5848
3500
43463
34163
12907
12254
32077
29872
16250
40769
29320
10111
21382
39034
48359
29164
14671
40922
32136
34799
26113
37719
7093
8676
30319
38277
20752
49291
24109
26102
39140
6478
6292
32846
10738
25741
21419
20247
29132
36949
45351
31371
823
34684
41253
33903
21460
24523
21360
35237
49667
4815
27836
26889
42186
15999
20843
16278
48071
33454
1526
4465
9114
43021
14124
2824
34687
9162
33331
43007
39402
21185
4270
42187
31935
46714
22019
39775
45004
15188
44155
46836
25017
3309
20826
2316
22822
45168
6614
22651
17053
49512
21161
18717
18323
22269
1661
38311
35636
26460
21065
46420
48639
25239
3950
1578
29856
29475
1742
36906
22886
16776
48521
32207
183
28245
11965
38305
36734
38809
34219
1437
14079
10675
2302
48601
2095
25291
39813
16137
45732
23085
47998
10262
34380
35013
16220
24885
6865
34030
39784
33639
8522
19422
38491
37751
42072
13741
10383
13545
19187
49196
41250
31405
10731
14667
41519
21206
43828
13484
21074
2828
24500
24991
29336
4184
24318
11363
27549
27557
6207
34449
34356
31497
16862
45912
6989
29802
34902
38830
42918
19904
35809
38473
16004
2718
41482
3508
33179
23052
47321
12815
147
37818
2157
26508
17144
40190
28274
39850
3339
35602
5093
23200
1218
43779
6604
45586
29005
6009
21887
1181
34728
816
22064
36922
30462
41790
32859
48246
40370
48020
46232
38067
27756
30308
23811
21107
37117
49599
1417
24550
45275
111
44633
14009
32953
40325
26582
45134
25709
160
43080
21035
31797
2685
18354
16312
8457
21703
49622
8465
14736
45061
6633
19481
10576
45914
7927
127
37154
30513
22855
27815
47076
29551
30531
35380
41783
32279
45101
41837
42394
19867
16647
17268
7323
43365
32767
48126
39714
1175
7114
37992
25655
11441
16875
47832
31894
43396
21279
11837
19294
17480
12309
19956
45707
17044
35503
28614
9979
39308
33367
12304
39907
33229
21975
40984
21675
24050
35631
7563
31883
6708
14941
10704
2972
35284
43785
5331
3834
48581
27358
18550
1428
37135
800
49350
17602
14275
32838
37428
15082
9842
27397
3346
48791
19736
3116
25296
49442
8948
35780
10192
20488
49489
28922
11570
35426
2338
33654
37940
29934
30572
33126
19326
36156
15205
33568
11151
13326
18442
19952
47547
21780
14453
27696
37492
16542
34051
34686
2254
6095
6020
23457
27157
30949
8345
49783
35158
8176
15324
35785
37329
30658
36834
25138
21031
23608
25278
37012
2062
20414
31580
5399
18713
1101
37583
36508
6373
29434
33991
42295
30412
8692
9483
43635
19673
19722
49244
34679
3818
21616
23070
7768
47229
15270
27642
46553
30184
38373
20057
37338
41648
42382
9196
717
8875
16146
14137
28877
30316
27702
49013
21535
26591
36808
45613
9030
21087
19543
33398
25540
44458
14068
37932
21083
8710
30088
20325
44821
37377
28636
20256
16168
13169
19950
32843
33721
17753
36461
39234
26044
33393
26327
45037
29548
44988
24222
2450
36567
30363
32979
26622
24210
19162
48583
4923
6007
49719
10852
33826
44343
13437
12976
31733
45108
18478
17909
45578
19632
40924
16760
29823
2036
8901
40243
34753
24618
16828
13288
32891
20302
46966
28234
10189
38814
49598
35437
41084
7510
13506
37672
21015
6521
20249
14892
28296
29084
37313
17783
28883
2260
41261
743
20367
21368
34783
28446
46732
40420
33139
17181
12105
9492
49286
11492
22
31659
32356
26090
27309
36297
34841
3739
9235
6552
34649
34840
41452
1609
40756
38992
42512
33235
17315
46234
27403
15480
21474
18543
28386
20539
8817
46814
788
20502
32548
21489
34901
4709
15206
31787
42071
46789
23386
30182
2220
39038
45278
37844
39966
22134
48769
27715
2539
24729
24624
7684
856
11552
10420
28656
36543
13803
5707
19618
35701
28696
18879
40947
22803
18474
36914
40464
14739
47550
25712
36832
46487
24554
32134
34200
36540
49294
4689
13183
13235
43054
21214
11438
8906
31389
44093
11354
20490
9146
2463
27914
36987
38098
12060
7039
28591
34724
4328
47893
26587
15652
47020
30264
41208
3329
5567
39489
6061
38704
36092
29390
22826
31199
13102
19984
34393
34443
26283
27455
23232
48074
32773
47808
17916
39827
3471
30298
2574
8871
2966
16136
24784
24766
5872
34748
37330
14567
2169
15971
48430
47075
42444
36007
2110
36696
5721
36344
20147
14971
11323
20977
6387
48799
48862
49959
14534
40044
10881
31852
18133
49723
11682
49281
10491
26270
17630
29204
41121
18554
7036
9128
8506
29163
944
45492
20297
37799
11094
14264
47554
2325
19854
31776
32748
22908
9172
47086
27144
24930
2721
28015
46256
9770
36976
32353
42251
15459
44703
690
5413
21158
46482
28742
14636
883
46237
33554
2153
34694
6814
19788
3697
6885
45295
11830
28990
20863
18591
16825
23872
24095
7431
44973
581
8344
17006
39417
1274
42864
42527
42646
42769
44978
14062
3035
31112
16586
23641
32337
3341
39015
42096
44491
44809
46953
41578
5978
9869
39597
4013
49022
43147
21307
40238
32151
33992
46751
30274
19926
16203
18058
959
5148
39598
22785
31536
20377
32034
37702
21292
27724
18600
22569
29712
5354
24051
38286
2672
41332
42449
30086
49738
8312
461
32378
47329
608
18437
30071
27484
5773
47523
31626
827
22488
43780
6302
47248
5515
34764
11542
18094
48571
40093
2581
9014
48282
18942
19371
43231
40164
34811
39737
47295
43934
36376
28912
8131
5374
28799
32820
14286
8108
18298
13262
29227
40915
4872
49634
18536
9093
30238
39360
48974
35830
15861
19254
9771
37371
9809
19832
3301
43743
9086
1996
45568
46866
7832
46282
26864
20072
5171
40552
49562
18773
21876
11750
17030
10527
47167
25266
6356
25729
11053
7391
21384
20175
14761
12185
28493
22373
36441
46433
3167
34828
37083
2520
44086
4491
44881
5255
46046
12362
14090
4935
9921
18813
14820
19381
42439
45606
33082
2488
36435
7022
46710
43985
30370
37110
10326
43973
29518
42281
12407
29851
26634
24233
30589
2580
37208
43630
7570
40090
5500
41437
18321
12007
37680
20551
2355
16367
17605
18075
36289
45415
43557
48262
18461
25522
12615
40539
5538
13505
9510
15438
30482
16514
6731
21411
45472
16868
8939
28760
16069
13555
43687
4225
29058
45756
863
36438
4801
48552
26021
43620
5347
26911
42104
13021
21801
6322
44109
31489
504
4576
3086
47453
2373
42715
32914
41590
26221
42823
40529
771
40441
35598
38515
26811
23892
21796
16109
28435
35165
1317
42723
24684
1646
20442
45959
26272
37393
46700
22492
2938
32587
19346
12724
24917
34060
39906
23040
37614
9935
40322
1124
16582
15026
45486
40307
11142
36216
4349
35071
26146
4893
41806
25986
4924
48490
7599
26730
14012
16276
31533
29481
8897
30135
6047
35914
9676
46522
38312
20235
48245
4380
15149
37290
16318
1105
2156
45200
3401
39373
21025
49643
196
30362
45491
21919
12688
15119
37465
48259
9696
39292
19383
13060
47807
42358
27139
8559
40161
47817
16503
10222
22395
46294
41277
27099
29751
4599
41444
14006
41058
7373
12565
22692
15252
34666
12246
13258
7370
46266
5547
22308
33522
17503
324
10505
22717
28783
43606
41672
19595
48025
22970
44909
42901
25557
47572
39822
36329
35336
15304
24921
46908
18702
10909
26553
32376
45366
5275
15113
33931
10519
9746
14398
36727
1029
13944
28096
11296
3507
40408
33090
5244
4419
6227
10901
6570
20824
20923
39637
37781
11405
7375
16535
8319
35536
37489
10886
15646
16633
43773
31275
34291
27312
1258
48916
6278
32070
34369
6204
31846
47126
44340
18576
17785
15617
1694
41303
28685
27531
47238
41231
34520
1857
41423
7835
47818
19412
34310
40384
22906
38858
4627
971
2346
36728
3199
17887
3688
27459
10311
6712
29742
48427
43382
39707
6924
16886
9462
5898
30467
11005
43069
8736
35148
27972
35451
44795
3412
8627
39
1406
28319
2619
15294
6473
37802
19044
48327
27833
15427
47576
8187
34851
33516
12311
46598
30547
42171
35213
17157
30633
23453
27462
37978
49201
33758
21897
30578
46271
36812
38248
40378
31563
4782
13638
18786
21638
43283
35350
11452
40961
49501
18839
518
43692
12601
1663
2821
14952
43731
28102
45654
16640
38602
31236
25623
35998
37061
20358
1707
162
8058
935
10604
8876
28466
23413
12423
1957
16247
38942
36305
21233
23388
20992
35933
28440
28239
31221
4132
44349
1997
37014
25661
45915
7608
38412
38987
13990
14994
42466
47528
18610
31925
34234
49008
32665
35309
26719
2002
42290
45667
47638
22229
2401
1312
12592
27908
10299
20196
25225
2723
37724
4110
38298
28461
38780
36135
3045
28160
5645
1342
43676
24004
44949
8149
22547
31683
4392
10660
25436
38008
8145
9737
49062
13727
8386
16984
33823
34055
23710
24617
43617
40341
16255
44926
24849
39516
11914
17410
46139
37769
42851
43056
25637
24711
27429
21820
341
12710
27688
35741
41508
25628
9967
23
9484
8197
45803
17276
20447
21454
23841
32421
37152
43970
3284
12300
30727
16515
16920
27540
38485
33190
39081
31663
39639
44345
3372
6323
25453
23704
31272
37305
21568
11826
37988
24375
47743
16516
17206
5092
18661
32702
47060
26396
48705
29762
3161
11288
41280
16340
12236
23606
25659
8284
9960
9932
47259
45177
36561
15986
25195
37737
1232
23996
3639
28390
45452
32367
18258
28751
9406
5430
20506
19372
32051
7573
15526
9168
11908
17764
1801
27150
17008
36993
28996
1306
39742
28168
13763
38596
42624
3406
47417
47512
47351
7317
29511
6054
630
40803
34097
32877
34123
3741
11782
43324
38215
19319
24933
6492
26431
5988
46031
46790
9536
5461
48534
384
42536
41630
17312
10842
8954
39115
34976
9687
31956
16972
48248
25083
1607
26282
26382
791
6110
30198
10196
13480
3982
24580
15638
27064
38923
24426
7078
20362
2427
26196
5389
36372
39995
29404
12556
1277
6999
16309
17130
19359
37141
28394
37412
46030
230
21921
10082
21808
14708
1649
6101
35180
44088
35132
44311
30579
18890
11375
44733
46702
47637
40874
19581
11193
3636
11293
21511
28690
14763
9130
1026
36364
7343
19461
10338
8062
43006
31058
1725
313
40627
22649
24905
31320
2641
31019
37088
10200
21719
21066
47127
47896
14266
10974
4541
49163
6531
48373
47004
15896
38303
48641
5924
46322
8485
29265
35776
9002
26679
9671
10678
3642
3418
25824
43681
28917
12951
48483
8320
18926
36370
31157
35727
12038
48511
9744
23865
25454
25831
27252
25102
8502
37263
2903
38510
12204
21429
19117
49076
14407
36544
47350
18616
19710
25460
511
44169
20574
37300
41329
46891
16797
35143
40897
12275
11499
28886
26694
3703
11556
32354
48519
38630
10409
35432
30525
27554
47265
21471
7309
29109
46253
34661
23523
28921
35379
16139
14881
23224
2142
43507
28018
892
47543
4252
12776
33949
37119
14848
33825
30897
22557
35059
6631
6590
38566
12110
15647
35110
43965
49347
37888
16813
1466
1189
46096
15527
14379
46900
33817
27762
44016
25672
3177
47292
44482
43459
45398
2608
17302
49195
27530
40458
44593
2562
21125
9714
33445
4061
20830
49277
44997
45593
15347
11066
11129
4910
8487
18076
44067
21745
29995
14488
1462
14689
22226
2494
11436
5652
19426
18914
33121
12337
1838
44205
25851
934
46579
46025
7793
400
5756
38347
9422
14626
16555
14643
547
21979
13780
29161
36621
11454
34988
42289
31028
44800
27030
5054
1046
49303
41768
45700
7551
40371
4156
36117
18766
17085
43508
8358
24573
16200
3617
33847
44045
33093
22952
46855
32897
12686
4195
42547
1823
44829
41323
38158
15540
5854
16639
29963
2545
29327
19373
2960
49878
17552
24973
10859
32657
25240
9244
20758
18213
27244
47877
48871
4632
27953
28535
35853
34765
2700
46435
25297
31615
21108
33277
46711
19457
20234
34897
39457
33760
48166
19828
34848
15034
15445
25886
17645
18032
25602
33058
14228
45262
28371
3791
11228
39087
28583
23369
36284
38928
14861
7655
25031
40556
3491
37424
14302
21924
23849
33838
17
15793
10684
27949
40168
15749
37464
43400
20592
19607
36439
21010
31899
47258
13942
16954
25821
48042
23008
428
29017
48673
39785
43596
7884
5714
41368
5063
47291
26782
29937
43852
33110
20449
11547
39420
929
19014
578
20881
32810
38492
18385
11092
692
16894
14155
598
34328
1451
8510
3677
18748
14675
45929
6159
8650
9802
33704
31514
21782
19102
6097
15153
12689
31067
12001
24267
18109
24830
38361
39097
40936
18876
22129
20225
36121
39231
10718
23921
12690
41751
29715
48141
32302
5651
39683
21881
35177
8620
32038
20660
24374
5337
40297
16719
45920
33603
97
24561
14239
47362
27199
14552
31907
38487
45487
4029
4300
11561
13278
8911
14381
2138
8746
32004
30627
49612
7628
19551
13201
17473
27256
11202
24863
25201
16508
